1 (1)_top_black_flip.png;636.1309523809524;89.28571428571429;330.4761904761905;500.0;80.47619047619048;53.57142857142858
1 (2)_top_black_flip.png;639.5810055865921;51.39664804469274;350.75418994413405;458.1005586592179;58.57541899441341;43.575418994413404
11238-BK-W2294 UBP_top_black_flip.png;109.76923076923077;409.6153846153846;131.40384615384613;70.1923076923077;449.1923076923076;178.3653846153846
113999648_180903130724_LowerJawScan_top_black_flip.png;211.58333333333337;641.75;272.0;77.16666666666667;690.75;504.25
113999648_180911185753_LowerJawScan_top_black_flip.png;149.97701149425288;521.264367816092;349.4022988505747;81.03448275862068;681.0114942528736;433.3333333333333
113999648_180918174934_LowerJawScan_top_black_flip.png;90.27710843373492;474.3012048192771;478.2289156626506;58.03614457831325;642.0843373493975;539.3614457831325
113999648_181227172745_LowerJawScan_top_black_flip.png;100.8125;454.6875;326.33333333333337;53.645833333333336;579.4583333333334;450.0
113999648_190121122114_LowerJawScan_top_black_flip.png;80.1830985915493;423.4741784037559;352.0140845070423;53.9906103286385;596.1455399061033;425.3521126760564
113999648_190122175602_LowerJawScan_top_black_flip.png;121.2258064516129;458.13978494623655;371.22580645161287;57.064516129032256;618.0;448.4623655913978
11626-GF-W938 Upr_top_black_flip.png;544.5909090909091;33.09090909090909;316.1818181818182;476.27272727272725;69.5909090909091;10.931818181818182
11713-RD-W1317 Upr_top_black_flip.png;478.33789954337897;44.29223744292238;281.9908675799087;392.23744292237444;82.9041095890411;33.333333333333336
12122-VS-W384 Upr_top_black_flip.png;514.4258373205741;20.05263157894737;334.04306220095697;409.5263157894737;72.79904306220098;78.42583732057417
12560-GM-W234 UBP_top_black_flip.png;222.89440993788816;570.1863354037267;129.1055900621118;126.08695652173913;563.2670807453416;210.5590062111801
12652-KR-W417 UBP_top_black_flip.png;213.03921568627453;583.6601307189543;115.65359477124184;92.81045751633987;590.1633986928105;258.8235294117647
12707-LW-W1010 UBP_top_black_flip.png;162.1387283236994;535.2601156069364;166.76300578034682;88.4393063583815;531.5028901734104;337.57225433526014
13068-MC-w9606 Upr_top_black_flip.png;488.49781659388645;29.694323144104803;286.31441048034935;368.9956331877729;90.68122270742359;28.38427947598253
13128-BB-W1207 Upr_top_black_flip.png;548.7391304347826;22.705314009661837;296.5652173913044;397.10144927536237;74.82608695652175;57.971014492753625
13245-AA-W622 UBP_top_black_flip.png;179.24324324324323;505.48648648648646;117.0810810810811;67.1081081081081;506.81081081081084;267.64864864864865
13631-DE-W2095 Upr_top_black_flip.png;476.74774774774767;23.873873873873872;292.5135135135135;384.68468468468467;97.46846846846844;44.14414414414414
13716-EH-W2260 Lwr_top_black_flip.png;465.6666666666667;24.0;234.33333333333334;279.6666666666667;78.33333333333333;16.0
13817-AW-W1154 Upr_1_s_top_black_flip.png;519.9215686274509;17.647058823529413;315.01960784313724;414.70588235294116;63.54901960784312;48.529411764705884
13929-FR-W939 Upr_1_top_black_flip.png;542.4527363184079;23.88059701492537;331.0099502487562;401.99004975124376;84.74129353233829;42.786069651741286
14150-PC-W6033 Upr_1_s_top_black_flip.png;488.82352941176475;53.39366515837104;261.2217194570136;367.420814479638;90.18099547511312;22.624434389140273
14191-SE-W964 Upr_1_top_black_flip.png;552.6666666666666;17.96551724137931;328.5287356321839;485.2068965517241;106.68965517241381;29.45977011494253
14292-DR-W501 Upr_1_top_black_flip.png;526.5858585858585;50.505050505050505;281.1313131313131;435.35353535353534;96.78787878787878;38.888888888888886
14331-QV-w695 Upr_1_s_top_black_flip.png;540.0;37.62376237623762;311.78217821782175;418.81188118811883;116.73267326732673;20.792079207920793
14332-AL-W909 Upr_1_top_black_flip.png;467.33802816901414;20.187793427230048;283.3004694835681;404.69483568075117;86.58685446009392;34.27230046948357
14337-BB-W4005 Upr_1_top_black_flip.png;535.5;26.0;312.0;434.0;108.5;17.5
14339-KS-W79 Upr_1_s_top_black_flip.png;529.6699507389162;25.615763546798025;310.12972085385877;417.2413793103448;110.95073891625614;29.556650246305416
14349-SA-w738 Upr_1_top_black_flip.png;480.5490196078431;26.470588235294116;291.3333333333333;428.4313725490196;79.078431372549;41.666666666666664
14791-KH-A759 Lwr_top_black_flip.png;526.4791666666667;47.4375;293.6666666666667;453.1666666666667;94.70833333333334;14.625
148473839_180823114343_LowerJawScan_top_black_flip.png;118.96296296296296;495.76719576719574;381.9259259259259;55.026455026455025;579.2804232804233;466.1375661375661
148473839_181130110925_LowerJawScan_top_black_flip.png;148.7058823529412;498.4117647058824;385.1764705882353;63.705882352941174;624.5882352941177;546.0588235294118
148473839_181130110925_UpperJawScan_top_black_flip.png;83.15151515151513;104.06060606060606;530.8787878787879;281.3333333333333;125.19696969696969;613.1515151515151
148473839_181130135514_LowerJawScan_top_black_flip.png;133.57485029940122;511.97604790419166;406.6287425149701;58.68263473053892;634.1736526946108;531.7365269461078
148473839_190130110854_LowerJawScan_top_black_flip.png;195.44444444444443;453.3333333333333;438.22222222222223;83.88888888888889;693.2222222222222;441.1111111111111
148473839_190209152901_LowerJawScan_top_black_flip.png;88.05194805194805;257.1428571428571;504.2857142857142;96.75324675324676;445.1948051948052;578.5714285714286
16 (2)_top_black_flip.png;548.9795918367347;48.97959183673469;289.2857142857143;406.12244897959187;98.9795918367347;22.448979591836736
180042491_181103101926_LowerJawScan_top_black_flip.png;112.27835051546393;450.0;382.89690721649487;45.876288659793815;602.4845360824743;471.64948453608247
180042491_181223150318_UpperJawScan_top_black_flip.png;573.8633540372671;127.9503105590062;257.0931677018633;508.695652173913;142.80745341614903;24.22360248447205
180042491_190323155251_LowerJawScan_top_black_flip.png;77.66336633663366;411.8811881188119;365.78217821782175;81.18811881188118;555.3861386138614;442.0792079207921
180042491_190329150210_LowerJawScan_top_black_flip.png;87.31284916201116;421.34636871508377;471.6703910614525;69.94972067039106;591.7821229050279;525.8156424581006
19  (2)_top_black_flip.png;534.8108108108108;127.56756756756756;201.8378378378378;456.2162162162162;114.27027027027026;26.486486486486484
1AQ9W_VS_SET_VSc1_Subsetup27_Mandibular_top_black_flip.png;560.7961165048544;26.699029126213592;350.11650485436894;421.3592233009709;84.58252427184465;55.8252427184466
1AQ9W_VS_SET_VSc1_Subsetup2_Maxillar_top_black_flip.png;563.1489361702128;58.51063829787234;302.51063829787233;468.6170212765957;86.02127659574467;39.89361702127659
1AWKK_VS_SET_VSc2_Subsetup7_Maxillar_top_black_flip.png;502.05357142857133;3.1249999999999996;285.23809523809524;379.1666666666667;57.85714285714285;4.4642857142857135
1DEV2_VS_SET_VSc3_Subsetup8_Maxillar_top_black_flip.png;591.6770186335403;3.3478260869565215;346.9565217391304;533.1614906832298;79.87577639751552;23.844720496894407
1G191_VS_SET_VSc2_Subsetup_Retainer_Maxillar_top_black_flip.png;587.2474226804123;6.185567010309279;329.5154639175258;455.6701030927835;86.21649484536084;14.948453608247423
1GCAU_VS_SET_VSc4_Subsetup3_Maxillar_top_black_flip.png;596.5808383233533;4.1916167664670665;387.5988023952096;517.9640718562874;81.61077844311379;41.91616766467066
1GCAU_VS_SET_VSc4_Subsetup6_Mandibular_top_black_flip.png;619.340206185567;5.154639175257732;360.5773195876289;456.1855670103093;110.57731958762886;23.711340206185568
1HLE3_VS_SET_VSc1_Subsetup8_Maxillar_top_black_flip.png;588.8633879781421;43.80874316939891;333.672131147541;478.23497267759564;86.6775956284153;38.34426229508197
1JSRY_VS_SET_VSc1_Subsetup5_Mandibular_top_black_flip.png;572.7142857142858;10.30952380952381;309.61904761904765;539.4761904761905;86.40476190476193;10.30952380952381
1MK3S_VS_SET_VSc1_Subsetup19_Maxillar_top_black_flip.png;593.7914110429448;3.9079754601226995;372.3190184049079;522.3128834355828;73.54601226993864;51.760736196319016
1MK3S_VS_SET_VSc1_Subsetup8_Mandibular_top_black_flip.png;534.5094339622641;8.962264150943396;329.3207547169811;401.88679245283015;49.60377358490565;51.886792452830186
1PT7E_VS_SET_VSc2_Subsetup11_Mandibular_top_black_flip.png;522.2148760330579;4.132231404958678;274.2809917355372;350.41322314049586;57.33884297520662;11.15702479338843
1PT7E_VS_SET_VSc2_Subsetup12_Mandibular_top_black_flip.png;519.4035087719298;5.263157894736842;304.92982456140345;373.24561403508767;54.92982456140349;60.08771929824561
1PT7E_VS_SET_VSc2_Subsetup5_Mandibular_top_black_flip.png;511.88340807174893;4.932735426008969;305.15695067264573;381.1659192825112;65.24663677130044;62.33183856502242
1PT7E_VS_SET_VSc2_Subsetup_Retainer_Maxillar_top_black_flip.png;553.3461538461538;13.461538461538462;304.78846153846155;418.75;61.51923076923076;8.173076923076923
1R5DH_VS_SET_VSc1_Subsetup11_Maxillar_top_black_flip.png;625.4276729559748;13.20754716981132;382.0314465408805;547.7987421383648;93.98113207547169;45.91194968553459
1R5DH_VS_SET_VSc1_Subsetup14_Mandibular_top_black_flip.png;605.7777777777777;12.777777777777777;340.77777777777777;482.77777777777777;91.88888888888889;6.111111111111111
1TZ5D_VS_SET_VSc4_Subsetup10_Maxillar_top_black_flip.png;542.7875647668394;16.580310880829018;318.43523316062175;446.11398963730574;68.1761658031088;45.07772020725389
1TZ5D_VS_SET_VSc4_Subsetup11_Mandibular_top_black_flip.png;554.1395348837209;13.953488372093023;312.74418604651163;393.48837209302326;72.27906976744187;8.837209302325581
1TZ5D_VS_SET_VSc4_Subsetup15_Mandibular_top_black_flip.png;551.4218009478674;8.056872037914692;336.72985781990525;402.8436018957346;53.791469194312796;36.96682464454977
1TZ5D_VS_SET_VSc4_Subsetup17_Mandibular_top_black_flip.png;558.478672985782;27.488151658767773;302.0805687203792;399.52606635071095;61.7962085308057;5.213270142180095
1UE74_VS_SET_VSc4_Subsetup4_Mandibular_top_black_flip.png;569.6279069767442;7.558139534883721;356.83720930232556;519.1860465116279;89.3953488372093;22.093023255813954
1UE74_VS_SET_VSc4_Subsetup4_Maxillar_top_black_flip.png;576.2546583850931;8.695652173913043;345.8198757763975;545.9627329192547;86.19254658385091;26.70807453416149
1URD7_VS_SET_VSc1_Subsetup7_Mandibular_top_black_flip.png;589.109947643979;44.502617801047116;293.82198952879577;463.87434554973817;89.10994764397904;4.712041884816753
1_459650_1_L_11_top_black_flip.png;551.8260869565217;17.934782608695652;406.7173913043478;457.0652173913043;82.80434782608694;142.3913043478261
1_459650_1_U_00_top_black_flip.png;536.4752475247525;49.0;349.84158415841586;414.34653465346537;92.41584158415841;27.712871287128714
1_top_black_flip.png;641.7169811320755;38.62264150943396;391.4025157232704;564.4088050314465;93.2893081761006;56.861635220125784
2 (2)_top_black_flip.png;578.0983606557377;42.62295081967213;343.672131147541;440.983606557377;97.22404371584699;38.79781420765027
20 (2)_top_black_flip.png;582.7515923566879;30.84713375796178;489.75796178343944;536.5796178343949;64.91719745222929;176.70700636942675
2021-12-23_001_061_zhushien_wangting-LowerJaw_top_black_flip.png;85.88297872340424;487.7659574468085;367.531914893617;37.234042553191486;603.7021276595744;460.1063829787234
2021-12-23_001_061_zhushien_wangting-UpperJaw_top_black_flip.png;578.4545454545454;263.24242424242425;164.5151515151515;491.12121212121207;136.63636363636363;20.21212121212121
2021-12-23_001_062_zhushien_tengchangyong-UpperJaw_top_black_flip.png;611.3170731707316;108.53658536585365;281.59146341463406;520.7317073170732;103.99999999999997;33.536585365853654
20210524201812-UPLOADED_top_black_flip.png;363.3710691823899;576.1006289308176;47.01886792452831;242.76729559748426;467.1446540880503;77.9874213836478
20211215-shanrongliang-mandibular_top_black_flip.png;114.64974619289342;419.81218274111677;393.83756345177665;45.7005076142132;552.2131979695431;480.21827411167516
20211215-shanrongliang-maxillary_top_black_flip.png;544.2941176470589;30.0;354.88235294117646;505.88235294117646;83.70588235294119;36.470588235294116
20211223-congge-mandibular_top_black_flip.png;98.79120879120879;485.16483516483515;370.2197802197802;47.8021978021978;625.7142857142857;509.8901098901099
20211223-congge-maxillary_top_black_flip.png;595.0;25.74850299401198;352.4850299401198;500.5988023952096;87.81437125748505;60.47904191616767
2021129-huangshuwen-mandibular_top_black_flip.png;529.5463917525774;8.247422680412372;420.26804123711344;444.3298969072165;115.11340206185568;107.21649484536083
2021129-huangshuwen-maxillary_top_black_flip.png;78.79545454545453;441.6136363636364;434.47727272727275;60.93181818181818;532.2045454545455;520.5909090909091
218H3_VS_SET_VSc2_Subsetup1_Maxillar_top_black_flip.png;562.795918367347;7.142857142857143;318.40816326530614;446.42857142857144;69.42857142857144;13.775510204081632
218H3_VS_SET_VSc2_Subsetup6_Mandibular_top_black_flip.png;537.9353233830846;10.44776119402985;318.0348258706467;428.35820895522386;91.16915422885569;27.860696517412933
220112160751_chenyifengLowerJaw_top_black_flip.png;333.8484848484849;680.8181818181818;94.45454545454544;245.96969696969697;548.2424242424242;85.36363636363636
220112160751_chenyifengUpperJaw_top_black_flip.png;61.65868263473055;494.0119760479042;393.39520958083835;70.05988023952096;628.125748502994;541.9161676646706
220119164438_wuhuiLowerJaw_top_black_flip.png;580.349344978166;24.187772925764193;316.1572052401747;359.9956331877729;105.67685589519651;4.537117903930131
220119164438_wuhuiUpperJaw_top_black_flip.png;94.83040935672514;383.62573099415204;459.1578947368421;74.26900584795322;577.2865497076024;543.859649122807
220124145746_chenjiaoliLowerJaw_top_black_flip.png;538.377358490566;7.547169811320754;329.88679245283015;421.6981132075471;84.1320754716981;43.39622641509434
220124145746_chenjiaoliUpperJaw_top_black_flip.png;173.97560975609753;553.0487804878048;139.8292682926829;102.4390243902439;570.3170731707316;301.8292682926829
220124150054_fuchangluLowerJaw_top_black_flip.png;637.5714285714286;60.57142857142857;342.7142857142857;466.85714285714283;115.28571428571428;49.142857142857146
220124150054_fuchangluUpperJaw_top_black_flip.png;97.71428571428572;533.7142857142857;358.85714285714283;59.42857142857143;638.8571428571429;533.7142857142857
22317438_180904143924_LowerJawScan_top_black_flip.png;152.2694610778443;519.7604790419161;300.77245508982037;99.40119760479043;591.7904191616767;502.39520958083835
22317438_181108095616_UpperJawScan_top_black_flip.png;572.3614457831325;95.98795180722891;295.2530120481927;531.5301204819276;129.59036144578312;29.12048192771084
22317438_181116163144_LowerJawScan_top_black_flip.png;165.80829015544043;467.8756476683938;374.0984455958549;51.29533678756477;585.4974093264249;460.6217616580311
22317438_181130145737_UpperJawScan_top_black_flip.png;648.5822784810126;144.9367088607595;266.9367088607595;543.0379746835442;115.67088607594937;52.53164556962025
22317438_181226095855_LowerJawScan_top_black_flip.png;50.880733944954116;376.14678899082566;308.67889908256876;79.81651376146789;543.0825688073394;396.33027522935777
22317438_190127145846_LowerJawScan_top_black_flip.png;120.69767441860466;503.06976744186045;409.06976744186045;67.6046511627907;660.232558139535;542.6046511627907
22317438_190328150337_UpperJawScan_top_black_flip.png;566.7857142857143;55.952380952380956;317.9761904761905;517.8571428571429;123.92857142857144;23.214285714285715
22317438_190625092546_LowerJawScan_top_black_flip.png;126.0;462.5838150289017;291.3179190751445;64.89595375722543;625.4219653179191;395.53179190751445
282WW_VS_SET_VSc2_Subsetup5_Maxillar_top_black_flip.png;644.25;29.375;320.5;561.875;86.75;8.75
282WW_VS_SET_VSc2_Subsetup6_Mandibular_top_black_flip.png;588.4478527607362;6.1349693251533735;335.6871165644171;549.0797546012269;65.13496932515335;47.23926380368098
2SMTM_VS_SET_VSc2_Subsetup5_Mandibular_top_black_flip.png;522.8559670781892;10.699588477366255;277.5884773662551;343.6213991769547;80.46913580246913;7.4074074074074066
30978-EK-W6045 Lwr_top_black_flip.png;654.3236994219653;28.901734104046245;361.26011560693644;509.2485549132948;97.67630057803467;71.67630057803468
33102-BV-W366 LBP_top_black_flip.png;525.1282051282052;89.74358974358975;286.1538461538462;435.8974358974359;104.61538461538461;32.30769230769231
3SNRT_VS_SET_VSc1_Subsetup4_Mandibular_top_black_flip.png;517.8504672897196;18.22429906542056;298.6915887850467;382.7102803738318;74.85981308411215;2.803738317757009
3SY9A_VS_SET_VSc2_Subsetup4_Maxillar_top_black_flip.png;512.1428571428571;6.19047619047619;303.0952380952381;409.5238095238095;75.47619047619048;47.14285714285714
3YDUM_VS_SET_VSc1_Subsetup25_Mandibular_top_black_flip.png;526.8936170212766;8.085106382978724;390.7234042553191;342.12765957446805;53.27659574468085;49.78723404255319
4 (2)_top_black_flip.png;402.7248322147651;53.691275167785236;508.0939597315436;527.51677852349;69.83892617449663;435.5704697986577
415GJ_VS_SET_VSc2_Subsetup13_Mandibular_top_black_flip.png;558.3880597014925;24.87562189054726;314.6069651741293;429.8507462686567;79.28358208955223;42.786069651741286
415GJ_VS_SET_VSc2_Subsetup7_Mandibular_top_black_flip.png;555.7487684729064;21.674876847290637;313.87684729064034;417.7339901477832;79.39408866995072;29.556650246305416
45270673_181117172724_LowerJawScan_top_black_flip.png;133.53846153846155;463.61538461538464;339.94871794871796;63.1025641025641;610.2051282051282;447.71794871794873
459650_1_L_18_top_black_flip.png;496.6428571428571;28.166666666666668;457.3571428571429;476.9761904761905;82.35714285714286;250.7857142857143
459650_1_L_23_top_black_flip.png;517.7109826589596;29.479768786127167;441.9884393063584;463.5838150289017;73.20231213872833;216.1849710982659
459650_1_U_00_top_black_flip.png;543.8627450980392;41.17647058823529;353.1764705882353;410.29411764705884;80.62745098039215;25.0
459650_1_U_15_top_black_flip.png;539.4455445544554;45.039603960396036;342.4158415841584;416.8217821782178;69.14851485148515;27.217821782178216
459663_1_L_00_top_black_flip.png;630.5679012345679;25.54320987654321;370.074074074074;529.2469135802469;101.55555555555554;19.37037037037037
459663_1_L_10_top_black_flip.png;630.2883435582821;25.76687116564417;372.0061349693251;528.8343558282209;103.90797546012269;17.791411042944784
459663_1_L_20_top_black_flip.png;633.3558282208588;28.834355828220858;370.1656441717791;523.9263803680981;96.54601226993864;14.11042944785276
469RG_VS_SET_VSc1_Subsetup4_Mandibular_top_black_flip.png;592.3333333333333;3.333333333333333;369.0;387.6190476190476;65.66666666666666;73.33333333333333
469RG_VS_SET_VSc1_Subsetup4_Maxillar_top_black_flip.png;511.82352941176475;3.7058823529411766;431.82352941176475;468.4117647058824;67.70588235294119;217.23529411764707
478RA_VS_SET_VSc1_Subsetup11_Maxillar_top_black_flip.png;505.18502202643174;9.251101321585903;304.74449339207047;381.9383259911894;50.11894273127753;31.718061674008812
4832T_VS_SET_VSc3_Subsetup25_Mandibular_top_black_flip.png;590.2361809045226;50.25125628140704;326.91959798994975;435.678391959799;89.73366834170855;9.547738693467338
4832T_VS_SET_VSc3_Subsetup26_Maxillar_top_black_flip.png;540.1797752808989;28.089887640449437;279.50561797752806;484.8314606741573;104.78651685393257;2.8089887640449436
4AVLE_VS_SET_VSc3_Subsetup2_Mandibular_top_black_flip.png;565.7326732673267;50.0;291.970297029703;420.7920792079208;89.49504950495049;5.445544554455446
4AVLE_VS_SET_VSc3_Subsetup3_Mandibular_top_black_flip.png;555.3267326732673;6.920792079207921;345.9207920792079;421.7722772277228;70.17821782178217;45.039603960396036
4DA7J_VS_SET_VSc2_Subsetup8_Mandibular_top_black_flip.png;591.1584158415842;32.67326732673267;332.74257425742576;426.73267326732673;68.38613861386139;28.217821782178216
4DA7J_VS_SET_VSc2_Subsetup9_Mandibular_top_black_flip.png;594.8009950248755;35.82089552238806;331.1194029850746;429.8507462686567;67.43781094527363;32.33830845771144
5 (1)_top_black_flip.png;614.9870129870129;246.75324675324674;270.1818181818182;527.922077922078;124.72727272727275;40.90909090909091
52DLN_VS_SET_VSc3_Subsetup20_Mandibular_top_black_flip.png;662.3969849246231;24.12060301507538;371.4422110552764;430.1507537688442;85.51256281407035;45.22613065326633
554S9_VS_SET_VSc1_Subsetup8_Maxillar_top_black_flip.png;592.1219512195122;9.756097560975611;348.219512195122;423.4146341463415;61.39024390243904;42.43902439024391
554S9_VS_SET_VSc1_Subsetup9_Mandibular_top_black_flip.png;578.6529680365297;17.35159817351598;321.11872146118725;395.8904109589041;61.301369863013704;18.72146118721461
579X9_VS_SET_VSc3_Subsetup14_Maxillar_top_black_flip.png;575.271186440678;2.2598870056497176;354.9322033898305;493.22033898305085;87.70056497175142;27.11864406779661
579X9_VS_SET_VSc3_Subsetup16_Mandibular_top_black_flip.png;585.5057471264367;9.195402298850574;390.1034482758621;505.17241379310343;79.183908045977;82.75862068965517
5848-MS-w787 UBP_top_black_flip.png;144.42857142857144;517.8571428571429;171.85714285714283;83.0;542.1428571428571;317.2857142857143
6 (2)_top_black_flip.png;594.377358490566;330.4465408805031;136.51572327044022;483.90566037735846;240.91823899371064;19.12578616352201
618ZM_VS_SET_VSc2_Subsetup4_Mandibular_top_black_flip.png;542.6511627906978;4.186046511627907;331.95348837209303;407.90697674418607;95.2093023255814;21.86046511627907
618ZM_VS_SET_VSc2_Subsetup9_Maxillar_top_black_flip.png;540.8967136150235;6.572769953051644;318.830985915493;409.85915492957747;70.47417840375587;17.84037558685446
618ZM_VS_SET_VSc2_Subsetup_Retainer_Maxillar_top_black_flip.png;533.981308411215;7.4766355140186915;315.75700934579436;409.3457943925233;72.7663551401869;14.018691588785046
628GH_VS_SET_VSc2_Subsetup19_Mandibular_top_black_flip.png;536.9325842696629;60.1123595505618;327.9438202247191;486.51685393258424;85.80898876404495;77.52808988764045
628GH_VS_SET_VSc2_Subsetup20_Maxillar_top_black_flip.png;503.37288135593224;34.463276836158194;319.19209039548025;487.57062146892656;79.07909604519773;64.40677966101696
632WS_VS_SET_VSc1_Subsetup15_Mandibular_top_black_flip.png;551.4793388429753;2.8925619834710745;392.801652892562;333.88429752066116;69.6611570247934;12.396694214876034
632WS_VS_SET_VSc1_Subsetup2_Maxillar_top_black_flip.png;565.6458333333334;9.9375;298.9791666666667;441.1875;66.6875;14.625
65SYM_VS_SET_VSc1_Subsetup10_Mandibular_top_black_flip.png;622.125;98.75;255.875;536.875;110.875;7.5
668J7_VS_SET_VSc1_Subsetup10_Mandibular_top_black_flip.png;539.0606060606061;10.1010101010101;333.5050505050505;433.3333333333333;78.45454545454547;14.646464646464647
668J7_VS_SET_VSc1_Subsetup10_Maxillar_top_black_flip.png;547.7349397590361;5.024096385542168;337.4939759036144;539.9638554216867;100.7469879518072;15.265060240963855
692NM_VS_SET_VSc2_Subsetup10_Maxillar_top_black_flip.png;516.5049504950495;20.287128712871286;288.4521452145214;430.18811881188117;92.74257425742573;10.881188118811881
692NM_VS_SET_VSc2_Subsetup11_Mandibular_top_black_flip.png;523.2660550458716;8.256880733944953;324.64220183486236;387.15596330275224;70.97247706422017;38.99082568807339
6DS6F_VS_SET_VSc2_Subsetup12_Mandibular_top_black_flip.png;564.7222222222222;29.166666666666664;309.16666666666663;395.8333333333333;82.77777777777777;14.351851851851851
6DS6F_VS_SET_VSc2_Subsetup15_Mandibular_top_black_flip.png;570.7441860465117;9.30232558139535;344.2325581395349;397.6744186046512;81.90697674418605;39.53488372093023
6DS6F_VS_SET_VSc2_Subsetup4_Mandibular_top_black_flip.png;561.0185185185185;8.796296296296296;343.4259259259259;397.68518518518516;70.74074074074073;39.35185185185185
6DS6F_VS_SET_VSc2_Subsetup7_Mandibular_top_black_flip.png;568.8837209302326;8.372093023255815;344.69767441860466;399.5348837209302;74.46511627906978;41.395348837209305
727K9_VS_SET_VSc1_Subsetup5_Maxillar_top_black_flip.png;601.0537634408602;17.204301075268816;358.5806451612903;469.89247311827955;102.66666666666666;24.193548387096772
727K9_VS_SET_VSc1_Subsetup_Retainer_Mandibular_top_black_flip.png;564.0;16.5;326.0;449.0;81.0;26.0
73037985_shell_occlusion_l_top_black_flip.png;279.30952380952385;39.285714285714285;459.07142857142856;434.5238095238095;21.571428571428584;431.54761904761904
73037985_shell_occlusion_u_top_black_flip.png;524.8082901554404;54.92227979274612;308.7461139896373;449.74093264248705;103.56476683937825;36.26943005181347
78093109_shell_occlusion_l_top_black_flip.png;325.7324840764331;36.5796178343949;537.1974522292993;479.89171974522293;43.566878980891715;439.12738853503186
78093109_shell_occlusion_u_top_black_flip.png;595.4705882352941;278.73856209150324;163.44444444444446;539.5228758169934;200.04575163398692;45.40522875816993
7UKMN_VS_SET_VSc2_Subsetup1_Mandibular_actMatrix_top_black_flip.png;600.4166666666667;13.020833333333334;329.58333333333337;445.3125;110.3125;9.375
7_top_black_flip.png;572.448275862069;45.20689655172414;536.5862068965517;554.1724137931035;80.72413793103448;340.3793103448276
8 (1)_top_black_flip.png;609.8439306358382;65.89595375722543;341.0578034682081;475.7225433526012;133.54335260115607;62.42774566473989
878AH_VS_SET_VSc1_Subsetup2_Maxillar_top_black_flip.png;524.7434554973821;56.544502617801044;236.261780104712;439.26701570680626;87.04712041884815;7.329842931937172
878AH_VS_SET_VSc1_Subsetup_Retainer_Mandibular_top_black_flip.png;491.35135135135135;2.252252252252252;318.37837837837833;381.98198198198196;65.67567567567566;55.4054054054054
88DYA_VS_SET_VSc2_Subsetup15_Mandibular_top_black_flip.png;590.9282296650719;10.526315789473685;320.5933014354067;413.3971291866029;51.693779904306226;18.660287081339714
88DYA_VS_SET_VSc2_Subsetup20_Mandibular_top_black_flip.png;589.1372549019608;7.352941176470588;337.1764705882353;428.921568627451;51.3921568627451;37.254901960784316
8CH17_VS_SET_VSc3_Subsetup2_Mandibular_top_black_flip.png;593.6708860759493;21.940928270042193;317.29957805907173;334.1772151898734;62.44725738396624;6.329113924050633
8CH17_VS_SET_VSc3_Subsetup4_Mandibular_top_black_flip.png;586.7637130801687;13.61181434599156;319.253164556962;330.9113924050633;60.18143459915611;7.282700421940929
8_top_black_flip.png;660.5950920245398;126.99386503067484;317.6503067484662;537.4233128834355;129.30674846625766;46.62576687116564
92S19_VS_SET_VSc2_Subsetup7_Maxillar_top_black_flip.png;505.8341232227489;9.004739336492891;298.72511848341236;409.478672985782;47.06635071090048;32.70142180094787
92S19_VS_SET_VSc2_Subsetup8_Mandibular_top_black_flip.png;544.2352941176471;8.597285067873303;311.20361990950227;391.8552036199095;84.05429864253395;4.524886877828054
9519-CW-w9698 UBP_top_black_flip.png;122.74626865671638;459.70149253731336;138.66666666666663;41.7910447761194;453.59203980099494;324.3781094527363
96BPN_VS_SET_VSc1_Subsetup10_Maxillar_top_black_flip.png;550.1081081081081;5.945945945945946;334.97297297297297;459.4594594594594;77.67567567567568;31.35135135135135
96BPN_VS_SET_VSc1_Subsetup19_Mandibular_top_black_flip.png;546.2083333333334;3.125;367.5625;438.02083333333337;63.916666666666686;81.77083333333334
96BPN_VS_SET_VSc1_Subsetup30_Mandibular_top_black_flip.png;563.5;6.5;333.5;432.0;75.0;33.5
988PR_VS_SET_VSc1_Subsetup12_Mandibular_top_black_flip.png;507.36150234741785;10.7981220657277;307.36150234741785;398.59154929577466;72.15023474178403;13.145539906103288
988PR_VS_SET_VSc1_Subsetup14_Maxillar_top_black_flip.png;502.2277227722773;9.891089108910892;313.61386138613864;426.7227722772277;88.86138613861385;25.73267326732673
98E84_VS_SET_VSc3_Subsetup10_Maxillar_top_black_flip.png;501.1920529801324;13.56953642384106;302.51655629139077;588.4039735099337;109.13907284768214;37.41059602649007
98E84_VS_SET_VSc3_Subsetup_Retainer_Mandibular_top_black_flip.png;500.34146341463406;5.7073170731707314;312.5365853658536;524.609756097561;80.21951219512192;29.487804878048777
98PZ3_VS_SET_VSc2_Subsetup5_Mandibular_top_black_flip.png;626.6284153005464;36.0655737704918;328.2677595628415;475.95628415300547;110.78142076502732;10.92896174863388
98VJ6_VS_SET_VSc1_Subsetup10_Maxillar_top_black_flip.png;582.8743455497382;5.2356020942408374;342.9092495636998;463.6998254799301;71.87958115183244;39.79057591623037
98VJ6_VS_SET_VSc1_Subsetup11_Mandibular_top_black_flip.png;589.9514563106796;5.339805825242719;330.24271844660194;423.7864077669903;75.3883495145631;13.106796116504855
9J6US_VS_SET_VSc2_Subsetup9_Mandibular_top_black_flip.png;539.2252252252251;10.36036036036036;311.2972972972973;381.08108108108104;71.65765765765765;13.063063063063062
A18QZ_VS_SET_VSc2_Subsetup3_Maxillar_top_black_flip.png;584.8984771573604;5.583756345177665;316.8781725888325;442.1319796954315;64.59390862944161;4.060913705583756
A18QZ_VS_SET_VSc2_Subsetup_Retainer_Mandibular_top_black_flip.png;535.5609756097562;3.9024390243902443;303.8536585365854;431.219512195122;80.43902439024393;33.65853658536586
A1KQZ_VS_SET_VSc1_Subsetup17_Mandibular_top_black_flip.png;479.7433155080214;13.90374331550802;312.8983957219251;467.379679144385;78.67379679144383;103.74331550802138
A1KQZ_VS_SET_VSc1_Subsetup9_Maxillar_top_black_flip.png;509.2804232804233;22.22222222222222;279.6507936507936;460.3174603174603;100.28571428571428;29.100529100529098
A1WQW_VS_SET_VSc2_Subsetup10_Mandibular_top_black_flip.png;361.0817610062893;15.094339622641508;401.9622641509434;513.8364779874214;37.182389937106905;423.2704402515723
A1WQW_VS_SET_VSc2_Subsetup15_Maxillar_top_black_flip.png;612.9071038251366;7.103825136612022;380.66666666666663;467.75956284153006;79.57377049180326;8.19672131147541
A32PT_VS_SET_VSc1_Subsetup14_Mandibular_top_black_flip.png;525.463054187192;8.374384236453201;321.02955665024626;435.96059113300487;76.20197044334972;40.88669950738916
A32PT_VS_SET_VSc1_Subsetup8_Maxillar_top_black_flip.png;538.4782608695651;16.84782608695652;311.30434782608694;479.89130434782606;79.2391304347826;22.282608695652172
A4KUP_VS_SET_VSc2_Subsetup8_Maxillar_top_black_flip.png;520.8378378378378;13.594594594594595;315.97297297297297;479.0;67.32432432432432;31.432432432432428
A4KUP_VS_SET_VSc2_Subsetup9_Mandibular_top_black_flip.png;517.0248756218905;5.970149253731343;321.502487562189;438.80597014925365;76.72636815920396;32.33830845771144
A6R9W_VS_SET_VSc5_Subsetup3_Mandibular_top_black_flip.png;523.051724137931;13.793103448275863;289.0;373.2758620689655;83.39655172413794;7.758620689655173
A8K14_VS_SET_VSc1_Subsetup10_Maxillar_top_black_flip.png;532.0939226519337;20.441988950276244;338.17127071823205;463.5359116022099;71.32044198895028;58.011049723756905
A8K14_VS_SET_VSc1_Subsetup8_Mandibular_top_black_flip.png;546.6130653266332;34.67336683417086;298.3718592964824;435.17587939698495;86.8140703517588;15.577889447236181
AA3ZX_VS_SET_VSc5_Subsetup16_Mandibular_top_black_flip.png;559.6635514018691;24.299065420560748;306.85981308411215;405.14018691588785;81.62616822429906;7.4766355140186915
AA3ZX_VS_SET_VSc5_Subsetup6_Mandibular_top_black_flip.png;554.1698113207547;28.30188679245283;316.4339622641509;406.60377358490564;80.11320754716981;22.169811320754715
AA3ZX_VS_SET_VSc5_Subsetup_Retainer_Mandibular_top_black_flip.png;557.7136150234742;38.967136150234744;291.98591549295776;409.85915492957747;86.35211267605635;7.042253521126761
ACRN2_VS_SET_VSc1_Subsetup12_Maxillar_top_black_flip.png;459.7046413502109;3.375527426160337;300.42194092827003;355.2742616033755;74.89451476793248;37.552742616033754
ACRN2_VS_SET_VSc1_Subsetup13_Mandibular_top_black_flip.png;448.0516605166052;12.177121771217712;260.59778597785976;313.6531365313653;92.33210332103322;3.321033210332103
AD2L5_VS_SET_VSc1_Subsetup12_Maxillar_top_black_flip.png;500.42857142857144;16.589861751152075;278.7695852534562;392.1658986175115;45.58986175115207;34.10138248847927
AD2L5_VS_SET_VSc1_Subsetup_Retainer_Mandibular_top_black_flip.png;495.8915662650602;5.220883534136545;321.1927710843373;341.36546184738955;50.91164658634537;37.34939759036144
ADK7T_VS_SET_VSc3_Subsetup12_Mandibular_top_black_flip.png;600.5;12.5;348.0961538461538;414.4230769230769;64.92307692307692;26.923076923076923
ADK7T_VS_SET_VSc3_Subsetup14_Maxillar_top_black_flip.png;627.3870967741935;71.58064516129032;300.505376344086;465.1290322580645;90.29032258064515;14.053763440860214
ADR2L_VS_SET_VSc3_Subsetup1_Mandibular_actMatrix_top_black_flip.png;574.5;31.5;405.0;439.5;89.0;5.5
ADR2L_VS_SET_VSc3_Subsetup9_Mandibular_top_black_flip.png;583.9214659685863;90.0523560209424;357.2198952879581;464.39790575916226;94.91623036649213;5.759162303664921
ADR2L_VS_SET_VSc3_Subsetup9_Maxillar_top_black_flip.png;545.8648648648648;13.513513513513512;312.8918918918919;463.2432432432432;74.51351351351352;17.83783783783784
AEGD7_VS_SET_VSc1_Subsetup10_Mandibular_top_black_flip.png;617.0;10.0;358.5;430.0;73.5;34.0
AEGD7_VS_SET_VSc1_Subsetup9_Maxillar_top_black_flip.png;543.3368983957218;13.90374331550802;330.50267379679144;456.68449197860957;66.33155080213902;38.50267379679144
AFRLN_VS_SET_VSc1_Subsetup13_Maxillar_top_black_flip.png;531.1958762886599;19.072164948453608;316.2474226804124;447.42268041237116;75.5257731958763;31.443298969072167
AFRLN_VS_SET_VSc1_Subsetup14_Mandibular_top_black_flip.png;520.0765550239234;5.698564593301436;337.3014354066986;406.65550239234454;70.31578947368422;22.923444976076556
AGHFM_VS_SET_VSc1_Subsetup12_Mandibular_top_black_flip.png;549.3474178403757;64.7887323943662;355.92018779342726;399.0610328638498;62.962441314554;7.042253521126761
AGHFM_VS_SET_VSc1_Subsetup17_Maxillar_top_black_flip.png;552.0952380952381;3.761904761904762;328.8148148148148;456.1428571428571;83.31216931216929;23.33862433862434
APDXA_VS_SET_VSc2_Subsetup17_Mandibular_top_black_flip.png;583.0723981900453;12.669683257918551;336.0135746606335;385.97285067873304;64.06787330316742;15.384615384615385
APDXA_VS_SET_VSc2_Subsetup4_Maxillar_top_black_flip.png;580.7391304347826;5.314009661835749;342.57487922705315;406.76328502415464;62.381642512077306;18.84057971014493
APHV3_VS_SET_VSc3_Subsetup12_Maxillar_top_black_flip.png;544.6666666666666;5.666666666666666;324.1111111111111;466.77777777777777;79.66666666666666;17.333333333333332
APHV3_VS_SET_VSc3_Subsetup13_Mandibular_top_black_flip.png;546.1818181818182;6.0606060606060606;330.020202020202;434.34343434343435;73.95959595959596;11.11111111111111
AQWAC_VS_SET_VSc3_Subsetup6_Maxillar_top_black_flip.png;519.8653846153846;11.057692307692307;319.38461538461536;412.5;71.30769230769229;47.59615384615385
AQWAC_VS_SET_VSc3_Subsetup9_Mandibular_top_black_flip.png;541.6511627906978;9.30232558139535;322.58139534883725;398.13953488372096;90.02325581395348;8.372093023255815
AULEZ_VS_SET_VSc1_Subsetup17_Mandibular_top_black_flip.png;528.6875;17.229166666666668;294.3125;458.375;77.64583333333334;2.6458333333333335
AULEZ_VS_SET_VSc1_Subsetup21_Maxillar_top_black_flip.png;526.4269662921348;9.55056179775281;338.2247191011236;485.39325842696627;69.68539325842696;89.8876404494382
AW776_VS_SET_VSc1_Subsetup16_Mandibular_top_black_flip.png;609.7337278106509;13.609467455621303;415.05917159763317;505.91715976331363;77.7810650887574;64.49704142011835
AW776_VS_SET_VSc1_Subsetup7_Maxillar_top_black_flip.png;682.5945945945946;15.891891891891891;422.4594594594595;583.4594594594595;106.91891891891893;117.91891891891892
AWBQP_VS_SET_VSc2_Subsetup8_Mandibular_top_black_flip.png;648.5536723163842;51.9774011299435;359.85310734463275;496.045197740113;101.66101694915255;53.67231638418079
AWBQP_VS_SET_VSc2_Subsetup_Retainer_Maxillar_top_black_flip.png;572.1572327044025;47.79874213836478;348.88679245283015;553.4591194968554;92.28301886792451;198.1132075471698
AWDFH_VS_SET_VSc1_Subsetup10_Mandibular_top_black_flip.png;514.1491712707182;8.287292817679559;355.585635359116;467.40331491712703;59.45303867403314;93.37016574585635
AWDFH_VS_SET_VSc1_Subsetup9_Maxillar_top_black_flip.png;541.3661202185792;6.0109289617486334;326.06557377049177;481.9672131147541;80.71038251366119;31.69398907103825
AWRCD_VS_SET_VSc3_Subsetup3_Maxillar_top_black_flip.png;620.125;10.25;331.375;540.875;58.25;19.0
AWRCD_VS_SET_VSc3_Subsetup6_Mandibular_top_black_flip.png;596.9302325581396;5.232558139534884;352.16279069767444;499.4186046511628;81.23255813953489;14.534883720930234
AYYQ2_VS_SET_VSc2_Subsetup1_Maxillar_top_black_flip.png;589.7142857142857;8.714285714285714;343.42857142857144;505.85714285714283;75.42857142857142;7.571428571428571
AYYQ2_VS_SET_VSc2_Subsetup4_Mandibular_top_black_flip.png;595.8901734104046;93.64161849710983;351.3815028901734;516.1849710982659;112.07514450867052;5.202312138728324
AYYQ2_VS_SET_VSc2_Subsetup8_Maxillar_top_black_flip.png;589.7514450867052;17.91907514450867;335.9942196531792;512.1387283236994;82.81502890173411;5.780346820809249
AZLUF_VS_SET_VSc7_Subsetup10_Maxillar_top_black_flip.png;499.2553191489361;16.48936170212766;284.36170212765956;461.17021276595744;81.70212765957444;107.44680851063829
AZLUF_VS_SET_VSc7_Subsetup16_Mandibular_top_black_flip.png;537.7817258883249;5.0761421319796955;329.65989847715736;432.994923857868;62.654822335025386;52.28426395939086
B14056_L2@_top_black_flip.png;535.75;36.160714285714285;306.73214285714283;392.4107142857142;79.94642857142856;26.33928571428571
B14059_U1@_top_black_flip.png;609.2984293193716;30.89005235602094;342.28272251308897;457.5916230366492;93.5916230366492;28.272251308900522
B14061_L7@_top_black_flip.png;537.2774869109948;62.303664921465966;271.30890052356017;458.1151832460733;88.06282722513089;26.70157068062827
B1NAC_VS_SET_VSc1_Subsetup7_Mandibular_top_black_flip.png;566.5263157894736;7.368421052631579;321.2631578947368;455.2631578947368;77.05263157894737;11.578947368421051
B1NAC_VS_SET_VSc1_Subsetup9_Mandibular_top_black_flip.png;565.6844919786096;6.4171122994652405;342.6898395721925;465.2406417112299;71.03208556149733;36.898395721925134
B5CEF_VS_SET_VSc2_Subsetup7_Maxillar_top_black_flip.png;632.3333333333334;64.55555555555556;381.22222222222223;484.0;68.44444444444443;12.333333333333332
B5CEF_VS_SET_VSc2_Subsetup8_Mandibular_top_black_flip.png;605.2488479262673;153.4562211981567;419.5345622119816;396.31336405529953;67.92165898617512;15.668202764976959
B6KW4_VS_SET_VSc2_Subsetup17_Maxillar_top_black_flip.png;554.7415730337078;16.97752808988764;321.03370786516854;483.8314606741573;86.20224719101122;11.359550561797752
B6KW4_VS_SET_VSc2_Subsetup21_Mandibular_top_black_flip.png;543.4590163934427;27.3224043715847;304.6612021857923;480.327868852459;77.88524590163934;16.939890710382514
B6KW4_VS_SET_VSc2_Subsetup27_Maxillar_top_black_flip.png;562.1685393258426;13.606741573033707;320.03370786516854;487.76404494382024;79.58426966292134;9.674157303370785
B6KW4_VS_SET_VSc2_Subsetup6_Maxillar_top_black_flip.png;574.6610169491526;11.864406779661017;311.38418079096044;492.090395480226;77.4858757062147;9.6045197740113
B6W6G_VS_SET_VSc2_Subsetup11_Maxillar_top_black_flip.png;509.5;11.5;306.0;435.0;67.5;17.5
B6W6G_VS_SET_VSc2_Subsetup7_Mandibular_top_black_flip.png;534.1449275362319;50.24154589371981;272.30917874396135;408.21256038647346;75.69082125603865;4.347826086956522
B7HZ5_VS_SET_VSc2_Subsetup12_Mandibular_top_black_flip.png;579.9340659340659;4.945054945054945;363.45054945054943;438.46153846153845;59.60439560439559;76.37362637362637
B7HZ5_VS_SET_VSc2_Subsetup12_Maxillar_top_black_flip.png;554.8695652173913;19.10869565217391;357.5869565217391;454.9782608695652;76.06521739130434;8.239130434782608
B7HZ5_VS_SET_VSc9_Subsetup34_Mandibular_top_black_flip.png;617.3469387755102;26.53061224489796;320.9183673469388;427.55102040816325;80.10204081632654;6.122448979591836
B7M6U_VS_SET_VSc2_Subsetup11_Mandibular_top_black_flip.png;521.875;14.140625;396.875;296.953125;66.40625;15.703125
B7M6U_VS_SET_VSc2_Subsetup33_Maxillar_top_black_flip.png;557.5365853658537;14.634146341463415;266.31707317073176;420.4878048780488;61.439024390243915;46.34146341463415
B7PEU_VS_SET_VSc4_Subsetup14_Mandibular_top_black_flip.png;654.9251700680272;40.49659863945578;378.05442176870747;581.9931972789116;87.57823129251702;58.863945578231295
B7PEU_VS_SET_VSc4_Subsetup14_Maxillar_top_black_flip.png;587.7105263157895;38.473684210526315;347.57894736842104;578.6052631578947;99.55263157894734;60.18421052631579
B7PEU_VS_SET_VSc4_Subsetup18_Mandibular_top_black_flip.png;652.6666666666666;38.0;362.6666666666667;570.6666666666666;90.0;36.0
B7PEU_VS_SET_VSc4_Subsetup_Retainer_Mandibular_top_black_flip.png;650.0;40.0;362.0;570.0;98.66666666666666;35.333333333333336
B9L5G_VS_SET_VSc2_Subsetup10_Maxillar_top_black_flip.png;546.6521739130434;130.43478260869563;331.86956521739125;367.8260869565217;93.6086956521739;15.652173913043477
B9L5G_VS_SET_VSc2_Subsetup11_Mandibular_top_black_flip.png;568.9459459459459;12.972972972972972;330.56756756756755;462.16216216216213;63.54054054054052;25.945945945945944
B9L5G_VS_SET_VSc2_Subsetup13_Maxillar_top_black_flip.png;583.232558139535;15.69767441860465;326.25581395348837;493.2170542635659;64.04651162790697;18.02325581395349
BAAWD_VS_SET_VSc2_Subsetup14_Mandibular_top_black_flip.png;548.0954773869347;7.5376884422110555;329.50251256281405;442.2110552763819;86.7889447236181;35.678391959798994
BAAWD_VS_SET_VSc2_Subsetup14_Maxillar_top_black_flip.png;529.6459330143541;11.961722488038278;389.4545454545455;419.6172248803828;78.92822966507177;7.177033492822967
BAAWD_VS_SET_VSc2_Subsetup5_Mandibular_top_black_flip.png;557.6274509803922;16.176470588235293;299.78431372549016;430.3921568627451;98.80392156862746;3.4313725490196076
BC9K8_VS_SET_VSc2_Subsetup_Retainer_Maxillar_top_black_flip.png;553.6020942408377;21.465968586387433;303.86387434554973;459.1623036649214;88.15706806282722;14.136125654450261
beczy_VS_SET_VSc3_Subsetup1_Maxillar_top_black_flip.png;563.6739130434783;7.065217391304348;337.5869565217391;461.4130434782609;65.30434782608694;19.565217391304348
BHSXS_VS_SET_VSc1_Subsetup12_Maxillar_top_black_flip.png;575.5151515151515;27.27272727272727;343.99999999999994;542.4242424242424;78.54545454545453;43.030303030303024
BHSXS_VS_SET_VSc1_Subsetup2_Mandibular_top_black_flip.png;583.1590909090909;43.18181818181818;321.79545454545456;507.3863636363636;71.22727272727272;23.863636363636363
BHVXQ_VS_SET_VSc7_Subsetup16_Maxillar_top_black_flip.png;605.0;8.09090909090909;371.8831168831168;564.5844155844155;114.09090909090907;13.285714285714285
BHVXQ_VS_SET_VSc7_Subsetup23_Maxillar_top_black_flip.png;606.5555555555555;5.228758169934641;379.10457516339864;569.9346405228758;115.70588235294116;29.41176470588235
BHVXQ_VS_SET_VSc7_Subsetup24_Mandibular_top_black_flip.png;573.7377049180327;7.196721311475409;360.6229508196721;491.34972677595624;102.69945355191257;25.775956284153004
BJP5L_VS_SET_VSc4_Subsetup16_Mandibular_top_black_flip.png;562.3419689119171;4.145077720207254;341.61658031088086;458.5492227979275;90.32124352331607;23.316062176165804
BJP5L_VS_SET_VSc4_Subsetup23_Mandibular_top_black_flip.png;564.9230769230769;2.5641025641025643;340.8205128205128;448.20512820512823;88.0;23.58974358974359
BQXXM_VS_SET_VSc1_Subsetup12_Mandibular_top_black_flip.png;548.7894736842105;4.2105263157894735;335.1052631578947;457.36842105263156;86.68421052631578;19.473684210526315
BSGB2_VS_SET_VSc2_Subsetup1_Maxillar_top_black_flip.png;529.3076923076924;26.17948717948718;282.64102564102564;440.53846153846155;87.76923076923077;8.743589743589745
BSGB2_VS_SET_VSc2_Subsetup5_Mandibular_top_black_flip.png;567.2935779816513;12.844036697247706;312.7064220183486;387.15596330275224;59.036697247706414;5.504587155963303
BXJZU_VS_SET_VSc1_Subsetup1_Mandibular_actMatrix_top_black_flip.png;552.3744075829384;20.37914691943128;293.60663507109007;404.2654028436019;62.32701421800948;98.10426540284361
BXJZU_VS_SET_VSc1_Subsetup2_Mandibular_top_black_flip.png;550.0047393364929;22.27488151658768;294.5545023696683;401.89573459715643;74.17535545023696;94.31279620853081
BXJZU_VS_SET_VSc1_Subsetup7_Mandibular_top_black_flip.png;544.3175355450237;23.22274881516588;293.13270142180096;406.1611374407583;80.33649289099526;97.1563981042654
C159D_VS_SET_VSc3_Subsetup3_Mandibular_top_black_flip.png;536.7664974619289;8.121827411167512;325.5989847715736;442.1319796954315;73.82233502538071;32.994923857868024
C159D_VS_SET_VSc3_Subsetup5_Maxillar_top_black_flip.png;558.089947089947;24.867724867724867;330.57671957671954;468.2539682539682;102.53439153439152;19.576719576719576
C2KDT_VS_SET_VSc2_Subsetup6_Maxillar_top_black_flip.png;559.9029126213592;10.194174757281553;310.3883495145631;429.6116504854369;58.932038834951456;36.89320388349515
C2KDT_VS_SET_VSc2_Subsetup7_Mandibular_top_black_flip.png;562.5882352941177;2.450980392156863;362.5882352941176;427.45098039215685;52.78431372549019;83.82352941176471
C2SFP_VS_SET_VSc1_Subsetup_Retainer_Mandibular_top_black_flip.png;554.9796954314721;6.091370558375635;312.84771573604064;435.53299492385787;68.68527918781726;29.949238578680202
C4VNZ_VS_SET_VSc2_Subsetup4_Maxillar_top_black_flip.png;619.7297297297297;6.5675675675675675;353.78378378378375;481.70270270270265;81.89189189189187;4.405405405405405
C4VNZ_VS_SET_VSc2_Subsetup5_Mandibular_top_black_flip.png;614.4358974358975;7.205128205128206;360.5897435897436;453.35897435897436;91.87179487179486;24.641025641025642
C5XJV_VS_SET_VSc1_Subsetup4_Mandibular_top_black_flip.png;549.75;13.942307692307692;320.4230769230769;423.5576923076923;62.25;38.46153846153846
C5XJV_VS_SET_VSc1_Subsetup4_Maxillar_top_black_flip.png;544.7894736842105;16.842105263157894;322.1578947368421;459.99999999999994;62.68421052631578;37.89473684210526
C5XJV_VS_SET_VSc1_Subsetup8_Mandibular_top_black_flip.png;550.7391304347826;57.48792270531401;272.96135265700485;425.6038647342996;61.367149758454104;10.144927536231885
C61CD_VS_SET_VSc3_Subsetup8_Mandibular_top_black_flip.png;533.0875576036866;8.755760368663594;325.7142857142857;406.4516129032258;69.95391705069125;13.36405529953917
C61CD_VS_SET_VSc3_Subsetup_Retainer_Maxillar_top_black_flip.png;505.0641711229946;11.76470588235294;301.855614973262;470.5882352941176;70.83957219251334;6.4171122994652405
C8BCY_VS_SET_VSc1_Subsetup10_Maxillar_top_black_flip.png;516.3595505617977;32.58426966292135;292.76404494382024;489.8876404494382;68.04494382022472;39.325842696629216
C8BCY_VS_SET_VSc1_Subsetup11_Mandibular_top_black_flip.png;569.8235294117646;16.577540106951872;331.855614973262;467.91443850267376;71.96256684491976;19.25133689839572
C8YXZ_VS_SET_VSc2_Subsetup29_Mandibular_top_black_flip.png;521.3246073298429;51.308900523560204;340.1727748691099;451.30890052356017;71.06282722513089;3.664921465968586
C8YXZ_VS_SET_VSc2_Subsetup6_Maxillar_top_black_flip.png;524.1709844559585;9.844559585492227;322.0984455958549;448.1865284974093;60.44041450777203;33.67875647668394
C8YXZ_VS_SET_VSc2_Subsetup7_Mandibular_top_black_flip.png;511.58064516129025;82.33333333333333;311.5806451612903;466.2043010752688;76.63440860215053;8.67741935483871
CDBSX_VS_SET_VSc3_Subsetup11_Mandibular_top_black_flip.png;498.5239852398524;4.797047970479705;282.65682656826567;318.81918819188195;74.16974169741698;22.14022140221402
CDBSX_VS_SET_VSc3_Subsetup16_Mandibular_top_black_flip.png;490.4054054054054;4.633204633204634;301.21621621621625;337.0656370656371;79.5945945945946;55.98455598455599
CDBSX_VS_SET_VSc3_Subsetup19_Maxillar_top_black_flip.png;552.1224489795918;9.693877551020408;314.8775510204082;443.36734693877554;68.44897959183675;29.081632653061224
CDBSX_VS_SET_VSc3_Subsetup1_Mandibular_top_black_flip.png;498.24812030075185;5.7669172932330826;287.3458646616541;318.17293233082705;83.58646616541353;21.55639097744361
CDVJ3_VS_SET_VSc2_Subsetup1_Maxillar_top_black_flip.png;553.6170212765957;9.042553191489361;333.93617021276594;451.063829787234;76.48936170212764;32.97872340425532
CDVJ3_VS_SET_VSc2_Subsetup5_Maxillar_top_black_flip.png;556.4347826086956;8.782608695652174;341.2173913043478;465.30434782608694;72.19565217391303;45.73913043478261
CDVJ3_VS_SET_VSc2_Subsetup9_Mandibular_top_black_flip.png;586.5164835164835;5.4945054945054945;323.3296703296703;476.37362637362634;95.30769230769229;60.989010989010985
CEGSX_VS_SET_VSc1_Subsetup1_Mandibular_actMatrix_top_black_flip.png;600.4041450777203;6.217616580310881;355.8445595854922;455.44041450777206;71.90673575129534;18.652849740932645
CEGSX_VS_SET_VSc1_Subsetup1_Maxillar_top_black_flip.png;651.1428571428571;14.857142857142858;372.2857142857143;501.14285714285717;70.0;24.571428571428573
CEGSX_VS_SET_VSc1_Subsetup7_Mandibular_top_black_flip.png;603.5510204081633;7.142857142857143;345.8979591836735;452.0408163265306;69.36734693877551;9.693877551020408
CEGSX_VS_SET_VSc1_Subsetup_Retainer_Mandibular_top_black_flip.png;603.6701030927835;5.670103092783505;353.1546391752577;455.6701030927835;67.0721649484536;15.97938144329897
CHN47_VS_SET_VSc2_Subsetup9_Mandibular_top_black_flip.png;583.7864077669902;5.339805825242719;381.3592233009709;430.09708737864077;52.71844660194175;19.902912621359224
CJFLZ_VS_SET_VSc1_Subsetup23_Mandibular_top_black_flip.png;557.2701421800948;9.47867298578199;316.98578199052133;407.1090047393365;46.84360189573461;46.91943127962086
CJFLZ_VS_SET_VSc1_Subsetup8_Mandibular_top_black_flip.png;552.9201877934273;27.699530516431928;274.98591549295776;396.2441314553991;65.12676056338029;6.103286384976526
CJLR6_VS_SET_VSc1_Subsetup16_Maxillar_top_black_flip.png;566.0;101.5;315.5;435.0;62.0;4.5
CJLR6_VS_SET_VSc1_Subsetup7_Mandibular_top_black_flip.png;591.5555555555555;10.666666666666666;315.1111111111111;384.8888888888889;63.111111111111114;12.0
CL3TW_VS_SET_VSc3_Subsetup14_Mandibular_top_black_flip.png;593.2897196261682;7.4766355140186915;339.0841121495327;415.8878504672897;83.00934579439252;20.093457943925234
CL3TW_VS_SET_VSc3_Subsetup2_Maxillar_top_black_flip.png;592.2105263157895;14.26315789473684;343.2631578947368;455.31578947368416;70.63157894736841;28.999999999999996
CL3TW_VS_SET_VSc3_Subsetup31_Mandibular_top_black_flip.png;591.4883720930233;6.976744186046512;344.04651162790697;415.81395348837214;79.86046511627907;24.651162790697676
CNBQM_VS_SET_VSc1_Subsetup13_Maxillar_top_black_flip.png;524.4683544303797;27.21518987341772;318.77215189873414;567.7215189873417;85.86075949367086;127.84810126582278
CNBQM_VS_SET_VSc1_Subsetup14_Maxillar_top_black_flip.png;520.8152866242038;29.573248407643312;320.1783439490446;569.7006369426751;104.89171974522293;123.84076433121018
CTAT9_VS_SET_VSc1_Subsetup1_Mandibular_actMatrix_top_black_flip.png;567.1608040201005;9.547738693467338;384.2462311557789;414.07035175879395;56.10552763819095;8.542713567839195
CTAT9_VS_SET_VSc1_Subsetup1_Maxillar_top_black_flip.png;550.2820512820513;10.76923076923077;324.12820512820514;442.05128205128204;87.71794871794873;35.8974358974359
CTAT9_VS_SET_VSc1_Subsetup6_Mandibular_top_black_flip.png;569.3298969072165;30.927835051546392;368.8144329896907;433.50515463917526;72.93814432989691;6.185567010309279
CTAT9_VS_SET_VSc1_Subsetup9_Mandibular_top_black_flip.png;562.3391812865498;168.59064327485382;268.187134502924;500.1695906432749;81.63742690058481;5.432748538011696
CUKN2_VS_SET_VSc2_Subsetup16_Maxillar_top_black_flip.png;656.5903614457831;27.710843373493972;369.8433734939759;527.1084337349397;90.92771084337349;3.012048192771084
CUKN2_VS_SET_VSc2_Subsetup1_Maxillar_actMatrix_top_black_flip.png;659.4878048780487;34.14634146341463;363.75609756097555;528.0487804878048;92.41463414634146;3.6585365853658534
D6VLR_VS_SET_VSc1_Subsetup1_Mandibular_top_black_flip.png;555.2882882882882;4.504504504504504;323.7567567567567;399.99999999999994;65.19819819819818;14.864864864864863
D6VLR_VS_SET_VSc1_Subsetup20_Maxillar_top_black_flip.png;576.8048780487806;19.02439024390244;310.4634146341464;413.1707317073171;76.8048780487805;6.341463414634147
DA2RW_VS_SET_VSc1_Subsetup16_Mandibular_top_black_flip.png;578.2233502538071;4.568527918781726;354.3654822335025;449.23857868020303;84.31472081218274;69.03553299492386
DA2RW_VS_SET_VSc1_Subsetup4_Maxillar_top_black_flip.png;593.4193548387096;43.01075268817204;308.47311827956986;476.34408602150535;66.0;14.516129032258064
DGFKE_VS_SET_VSc2_Subsetup19_Mandibular_top_black_flip.png;586.1675392670156;4.18848167539267;336.9528795811518;439.26701570680626;67.31937172774869;6.806282722513089
DMBK8_VS_SET_VSc1_Subsetup_Retainer_Maxillar_top_black_flip.png;560.6170212765957;2.6595744680851063;343.063829787234;470.2127659574468;95.72340425531914;21.27659574468085
DQ1QX_VS_SET_VSc3_Subsetup18_Mandibular_top_black_flip.png;626.5;60.0;376.0;423.0;71.0;5.0
DQ1QX_VS_SET_VSc3_Subsetup19_Mandibular_top_black_flip.png;630.5;64.0;373.0;423.5;74.5;5.0
DSHGJ_VS_SET_VSc4_Subsetup19_Mandibular_top_black_flip.png;611.3333333333334;46.0;318.6666666666667;600.0;90.0;8.0
DW1YD_VS_SET_VSc3_Subsetup1_Mandibular_top_black_flip.png;619.5555555555555;45.11111111111111;305.66666666666663;490.66666666666663;101.77777777777777;3.4444444444444446
DXSNY_VS_SET_VSc1_Subsetup9_Maxillar_top_black_flip.png;531.5213270142181;8.056872037914692;313.98578199052133;420.85308056872043;81.28436018957348;9.47867298578199
EB53E_VS_SET_VSc2_Subsetup16_Mandibular_top_black_flip.png;562.9032258064516;9.741935483870968;322.5806451612903;321.43548387096774;52.016129032258064;10.14516129032258
EB53E_VS_SET_VSc2_Subsetup_Retainer_Maxillar_top_black_flip.png;498.77443609022555;7.518796992481203;278.09774436090225;331.203007518797;74.33834586466165;17.669172932330827
EBGZ2_VS_SET_VSc1_Subsetup6_Mandibular_top_black_flip.png;607.799043062201;5.698564593301436;337.9425837320574;415.26794258373207;65.69377990430623;32.49282296650718
EDKPL_VS_SET_VSc1_Subsetup6_Mandibular_top_black_flip.png;597.0550458715596;7.798165137614678;325.49541284403665;389.9082568807339;72.74311926605503;5.504587155963303
EDKPL_VS_SET_VSc1_Subsetup_Retainer_Maxillar_top_black_flip.png;590.0;18.5;344.5;442.5;48.5;10.0
EHQQY_VS_SET_VSc1_Subsetup23_Maxillar_top_black_flip.png;475.60416666666674;9.895833333333334;277.6875;445.83333333333337;64.14583333333334;88.02083333333334
EHQQY_VS_SET_VSc1_Subsetup27_Mandibular_top_black_flip.png;399.99999999999994;18.397590361445783;227.40963855421685;236.46987951807228;46.98795180722891;9.06024096385542
EHQQY_VS_SET_VSc1_Subsetup31_Mandibular_top_black_flip.png;398.1927710843373;13.08433734939759;230.1204819277108;228.4457831325301;47.891566265060234;8.265060240963855
EHQQY_VS_SET_VSc1_Subsetup7_Mandibular_top_black_flip.png;383.0759493670886;48.734177215189874;194.78481012658227;246.83544303797467;50.48101265822784;8.227848101265822
EHQQY_VS_SET_VSc1_Subsetup_Retainer_Mandibular_top_black_flip.png;383.04597701149424;5.172413793103448;225.86206896551724;231.0344827586207;35.05747126436782;13.793103448275863
ENSVE_VS_SET_VSc1_Subsetup3_Maxillar_top_black_flip.png;588.0635838150289;32.369942196531795;347.02312138728325;508.09248554913296;59.161849710982665;21.965317919075144
ENSVE_VS_SET_VSc1_Subsetup_Retainer_Maxillar_top_black_flip.png;598.8901734104046;47.97687861271676;336.46242774566474;515.028901734104;74.03468208092485;15.028901734104046
EPPKU_VS_SET_VSc2_Subsetup12_Maxillar_top_black_flip.png;529.8011049723757;13.812154696132596;325.9337016574585;487.29281767955797;71.79005524861878;150.82872928176795
ERJ38_VS_SET_VSc1_Subsetup1_Mandibular_top_black_flip.png;586.5675675675675;104.32432432432432;320.08108108108104;470.27027027027026;67.1081081081081;24.324324324324323
ERJ38_VS_SET_VSc1_Subsetup3_Maxillar_top_black_flip.png;586.0;37.77777777777778;306.0;495.0;66.0;77.22222222222221
ERJ38_VS_SET_VSc1_Subsetup5_Mandibular_top_black_flip.png;582.144385026738;111.22994652406416;318.5080213903743;465.7754010695187;52.197860962566835;27.27272727272727
ES13U_VS_SET_VSc3_Subsetup12_Maxillar_top_black_flip.png;537.3861386138614;8.910891089108912;317.58415841584156;430.1980198019802;89.36633663366337;12.376237623762377
ES13U_VS_SET_VSc3_Subsetup20_Mandibular_top_black_flip.png;538.5098039215686;8.823529411764707;326.2549019607843;429.4117647058823;78.70588235294119;11.76470588235294
ES13U_VS_SET_VSc3_Subsetup4_Mandibular_top_black_flip.png;545.8811881188119;10.396039603960396;321.6237623762376;439.1089108910891;80.53465346534654;11.386138613861386
ES13U_VS_SET_VSc3_Subsetup6_Mandibular_top_black_flip.png;537.2131979695431;8.629441624365482;346.8578680203046;448.7309644670051;73.76142131979697;45.68527918781726
ESVBA_VS_SET_VSc2_Subsetup8_Mandibular_top_black_flip.png;553.824034334764;9.012875536480687;349.53218884120173;371.6738197424893;59.40343347639485;63.51931330472103
EU5F3_VS_SET_VSc3_Subsetup19_Maxillar_top_black_flip.png;509.17073170731715;8.78048780487805;288.6829268292683;435.12195121951225;71.60975609756099;16.585365853658537
EU5F3_VS_SET_VSc3_Subsetup3_Mandibular_top_black_flip.png;542.3239436619718;11.267605633802818;337.62910798122067;414.55399061032864;78.47417840375587;26.291079812206576
EU5F3_VS_SET_VSc3_Subsetup4_Mandibular_top_black_flip.png;548.0798122065728;28.169014084507044;314.27699530516435;409.3896713615024;83.29107981220658;7.511737089201878
EU8NK_VS_SET_VSc2_Subsetup13_Maxillar_top_black_flip.png;498.88151658767777;6.6350710900473935;300.30331753554503;415.1658767772512;73.76303317535545;25.592417061611375
EWJW2_VS_SET_VSc2_Subsetup7_Maxillar_top_black_flip.png;550.1219512195122;4.365853658536586;313.0487804878049;421.9268292682927;74.02439024390245;4.365853658536586
F3X9F_VS_SET_VSc2_Subsetup15_Mandibular_top_black_flip.png;556.4081632653061;24.489795918367346;309.46938775510205;446.42857142857144;83.9591836734694;10.204081632653061
F3X9F_VS_SET_VSc2_Subsetup19_Mandibular_top_black_flip.png;551.2722513089004;13.089005235602093;347.0837696335078;460.2094240837696;79.54450261780104;54.973821989528794
F4P42_VS_SET_VSc2_Subsetup4_Mandibular_top_black_flip.png;580.3157894736842;41.10526315789474;329.0;581.8947368421052;87.55263157894734;16.763157894736842
F4P42_VS_SET_VSc2_Subsetup_Retainer_Maxillar_top_black_flip.png;582.7317073170731;24.609756097560975;324.80487804878044;545.951219512195;90.65853658536582;17.902439024390244
F8SJ6_VS_SET_VSc1_Subsetup11_Maxillar_top_black_flip.png;632.9781420765026;3.8251366120218577;372.3224043715847;483.06010928961746;83.25136612021856;15.846994535519125
F8SJ6_VS_SET_VSc1_Subsetup2_Mandibular_top_black_flip.png;592.026455026455;4.82010582010582;347.05291005291;454.55555555555554;95.7301587301587;9.052910052910052
FA1RV_VS_SET_VSc5_Subsetup15_Mandibular_top_black_flip.png;574.2380952380952;28.095238095238095;340.90476190476187;420.0;89.47619047619048;7.142857142857142
FA1RV_VS_SET_VSc5_Subsetup42_Maxillar_top_black_flip.png;547.7783251231526;6.896551724137931;315.7586206896551;430.0492610837438;89.15763546798027;12.807881773399012
FDPTZ_VS_SET_VSc4_Subsetup9_Maxillar_top_black_flip.png;589.2340425531914;5.319148936170213;351.46808510638294;463.2978723404255;66.89361702127658;36.170212765957444
FET3D_VS_SET_VSc3_Subsetup18_Maxillar_top_black_flip.png;573.2765957446808;15.425531914893616;351.46808510638294;467.55319148936167;92.95744680851064;55.85106382978723
FET3D_VS_SET_VSc3_Subsetup1_Mandibular_top_black_flip.png;596.948717948718;6.6923076923076925;333.87179487179486;445.1538461538462;65.15384615384616;10.794871794871796
FET3D_VS_SET_VSc3_Subsetup4_Mandibular_top_black_flip.png;609.9145299145299;8.547008547008549;338.974358974359;448.71794871794873;68.71794871794873;19.48717948717949
FMX9Q_VS_SET_VSc1_Subsetup3_Maxillar_top_black_flip.png;630.370786516854;6.303370786516854;352.8426966292135;488.3258426966292;56.213483146067404;15.853932584269664
FP4A9_VS_SET_VSc3_Subsetup23_Maxillar_top_black_flip.png;500.76576576576576;4.504504504504504;299.63963963963965;380.1801801801802;75.09009009009009;44.14414414414414
FPBSS_VS_SET_VSc1_Subsetup5_Mandibular_top_black_flip.png;540.7253886010363;4.145077720207254;340.7253886010363;460.6217616580311;101.34715025906738;38.86010362694301
FRY2W_VS_SET_VSc1_Subsetup1_Mandibular_actMatrix_top_black_flip.png;576.1702127659574;22.340425531914892;319.78723404255317;455.8510638297872;84.68085106382978;9.042553191489361
FRY2W_VS_SET_VSc1_Subsetup22_Maxillar_top_black_flip.png;568.0055865921787;17.435754189944134;305.43575418994413;487.268156424581;72.47486033519553;11.290502793296088
FSRVE_VS_SET_VSc1_Subsetup14_Maxillar_top_black_flip.png;569.7068965517242;8.189655172413794;203.75862068965517;343.1034482758621;57.63793103448276;95.25862068965517
FSRVE_VS_SET_VSc1_Subsetup22_Maxillar_top_black_flip.png;551.8283261802575;5.150214592274678;207.1931330472103;343.3476394849785;95.17596566523605;112.87553648068669
FSRVE_VS_SET_VSc1_Subsetup5_Maxillar_top_black_flip.png;550.1057268722467;3.9647577092511015;213.1013215859031;359.03083700440527;86.22907488986785;132.59911894273128
FW9KX_VS_SET_VSc2_Subsetup5_Mandibular_top_black_flip.png;562.7474747474747;4.545454545454546;303.65656565656565;439.3939393939394;89.01010101010101;15.656565656565657
G38SL_VS_SET_VSc1_Subsetup28_Mandibular_top_black_flip.png;574.5833333333334;4.6875;338.125;466.14583333333337;76.14583333333334;11.458333333333334
G38SL_VS_SET_VSc1_Subsetup9_Maxillar_top_black_flip.png;603.1428571428571;25.714285714285715;326.0;504.57142857142856;101.42857142857142;18.857142857142858
G4P_L_0@(1)_top_black_flip.png;538.219512195122;57.53658536585366;274.8048780487805;411.19512195121956;80.65853658536588;7.2926829268292686
G5T42_VS_SET_VSc2_Subsetup_Retainer_Maxillar_top_black_flip.png;574.1657458563536;12.259668508287293;333.2817679558011;487.9502762430939;115.60220994475137;5.629834254143646
GAKZK_VS_SET_VSc2_Subsetup17_Maxillar_top_black_flip.png;571.3333333333334;12.444444444444445;306.8888888888889;385.77777777777777;77.55555555555556;5.777777777777778
GAXXR_VS_SET_VSc2_Subsetup14_Maxillar_top_black_flip.png;496.2307692307693;60.02564102564103;225.974358974359;435.4102564102564;85.46153846153845;6.17948717948718
GCCEZ_VS_SET_VSc2_Subsetup16_Maxillar_top_black_flip.png;539.1083743842364;9.852216748768472;283.4433497536945;430.0492610837438;67.679802955665;21.674876847290637
GDJY1_VS_SET_VSc4_Subsetup12_Mandibular_top_black_flip.png;555.6532663316583;11.055276381909549;317.964824120603;441.20603015075375;85.30150753768845;10.552763819095478
GDJY1_VS_SET_VSc4_Subsetup1_Maxillar_top_black_flip.png;551.3862433862433;6.349206349206349;323.34391534391534;452.91005291005285;75.19576719576719;21.693121693121693
GDYPT_VS_SET_VSc2_Subsetup5_Mandibular_top_black_flip.png;557.9738219895288;180.1047120418848;283.1047120418848;453.9267015706806;83.62827225130889;7.329842931937172
GDYPT_VS_SET_VSc2_Subsetup9_Maxillar_top_black_flip.png;524.0;5.142857142857143;384.0;490.85714285714283;64.57142857142858;236.0
GK2YW_VS_SET_VSc2_Subsetup1_Mandibular_actMatrix_top_black_flip.png;539.7171717171717;6.0606060606060606;347.7979797979798;428.7878787878788;50.32323232323233;92.42424242424242
GK2YW_VS_SET_VSc2_Subsetup20_Mandibular_top_black_flip.png;548.6829268292684;20.0;303.8048780487805;425.36585365853665;76.0;6.341463414634147
GK2YW_VS_SET_VSc2_Subsetup25_Mandibular_top_black_flip.png;553.3731343283581;6.467661691542288;334.9651741293532;430.84577114427856;70.28855721393032;34.32835820895522
GK2YW_VS_SET_VSc2_Subsetup30_Mandibular_top_black_flip.png;553.7722772277227;7.425742574257426;331.990099009901;429.7029702970297;64.66336633663366;31.683168316831683
GK2YW_VS_SET_VSc2_Subsetup33_Mandibular_top_black_flip.png;550.3880597014925;3.980099502487562;333.47263681592034;429.35323383084574;66.80597014925371;35.32338308457711
GK2YW_VS_SET_VSc2_Subsetup5_Maxillar_top_black_flip.png;574.7567567567568;51.35135135135135;293.6756756756757;458.9189189189189;76.37837837837836;12.972972972972972
GK2YW_VS_SET_VSc2_Subsetup6_Mandibular_top_black_flip.png;545.526066350711;8.056872037914692;313.29857819905214;407.5829383886256;62.11374407582939;29.38388625592417
GLVYQ_VS_SET_VSc3_Subsetup11_Maxillar_top_black_flip.png;562.4064171122994;9.62566844919786;318.55614973262027;470.0534759358288;79.51871657754009;20.855614973262032
GLVYQ_VS_SET_VSc3_Subsetup5_Mandibular_top_black_flip.png;586.520737327189;5.529953917050691;335.82949308755764;395.39170506912444;84.21658986175116;15.668202764976959
GNK23_VS_SET_VSc3_Subsetup15_Maxillar_top_black_flip.png;601.9275362318841;11.594202898550726;275.84057971014494;421.256038647343;79.70531400966185;35.7487922705314
GNK23_VS_SET_VSc3_Subsetup2_Maxillar_top_black_flip.png;586.7157360406092;11.18274111675127;274.53299492385787;443.67005076142135;83.67005076142132;34.025380710659896
GNK23_VS_SET_VSc3_Subsetup_Retainer_Mandibular_top_black_flip.png;562.1707317073171;11.219512195121952;335.82926829268297;421.4634146341464;89.97560975609758;10.731707317073171
GQ55K_VS_SET_VSc1_Subsetup13_Mandibular_top_black_flip.png;538.7777777777778;4.0;306.77777777777777;374.22222222222223;59.22222222222223;14.666666666666666
guanyanchang_daoban_down_1_top_black_flip.png;622.0;47.42857142857143;368.85714285714283;424.0;152.28571428571428;38.285714285714285
guanyanchang_daoban_up_1_top_black_flip.png;619.6024096385541;37.95180722891566;418.39759036144574;498.79518072289153;114.78313253012047;100.6024096385542
H2RBL_VS_SET_VSc1_Subsetup1_Mandibular_actMatrix_top_black_flip.png;572.9215686274509;23.52941176470588;317.03921568627453;425.0;64.09803921568627;7.8431372549019605
H4BS5_VS_SET_VSc2_Subsetup1_Mandibular_actMatrix_top_black_flip.png;555.3971291866029;26.315789473684212;294.63157894736844;415.7894736842106;86.4976076555024;2.3923444976076556
H5MCD_VS_SET_VSc1_Subsetup14_Maxillar_top_black_flip.png;558.5;5.0;319.5;444.5;66.5;23.5
H6CDN_VS_SET_VSc4_Subsetup5_Maxillar_top_black_flip.png;554.2105263157895;82.68421052631578;386.84210526315786;452.6842105263158;70.0;16.89473684210526
H6CDN_VS_SET_VSc4_Subsetup6_Maxillar_top_black_flip.png;553.6137566137565;96.29629629629629;376.89417989417984;458.7301587301587;67.89947089947088;19.047619047619047
HEZ3J_VS_SET_VSc1_Subsetup10_Mandibular_top_black_flip.png;604.1578947368421;93.21052631578947;261.52631578947364;451.6315789473684;65.21052631578945;9.0
HEZ3J_VS_SET_VSc1_Subsetup1_Maxillar_actMatrix_top_black_flip.png;632.0625;15.625;375.8125;455.20833333333337;89.875;11.458333333333334
HEZ3J_VS_SET_VSc1_Subsetup2_Maxillar_top_black_flip.png;633.6701570680627;15.706806282722512;372.93717277486905;458.6387434554973;94.40314136125653;8.900523560209423
HHS46_VS_SET_VSc3_Subsetup7_Maxillar_top_black_flip.png;543.0982658959538;4.780346820809249;338.47398843930637;511.7167630057803;69.10982658959537;19.23121387283237
HLHZ6_VS_SET_VSc1_Subsetup11_Maxillar_top_black_flip.png;609.6593406593406;9.89010989010989;322.8461538461538;491.2087912087912;73.39560439560438;8.241758241758241
HLHZ6_VS_SET_VSc1_Subsetup6_Mandibular_top_black_flip.png;579.25;32.8125;294.3541666666667;463.02083333333337;71.95833333333334;12.5
HNFC8_VS_SET_VSc2_Subsetup6_Maxillar_top_black_flip.png;526.4977168949772;24.200913242009133;277.1826484018265;384.01826484018267;47.95890410958904;10.95890410958904
HNFC8_VS_SET_VSc2_Subsetup_Retainer_Maxillar_top_black_flip.png;510.96428571428567;15.178571428571427;304.3794642857142;387.94642857142856;51.14285714285714;54.46428571428571
hollow_maxillary_1_top_black_flip.png;143.30872483221478;542.9530201342282;458.0738255033557;63.758389261744966;705.0536912751678;581.2080536912752
hollow_of_model2_1_cut_1_top_black_flip.png;540.3699421965318;295.3757225433526;329.9653179190752;475.1445086705202;140.9479768786127;273.4104046242775
hollow_of_shell_01_of_13068-MC-w9606 Upr_1_top_black_flip.png;495.2222222222222;44.44444444444444;277.44444444444446;379.1111111111111;86.77777777777777;24.0
hollow_yaoheban_down_top_black_flip.png;638.1946308724832;109.39597315436242;330.1409395973154;528.1879194630873;132.8255033557047;59.73154362416108
hollow_yaoheban_up_top_black_flip.png;51.59375;133.15625;536.75;341.75;75.8125;599.5625
HUCPV_VS_SET_VSc2_Subsetup16_Maxillar_top_black_flip.png;564.8407079646017;7.5221238938053085;314.39823008849555;378.3185840707964;91.83185840707964;16.371681415929203
HXRLZ_VS_SET_VSc3_Subsetup7_Mandibular_top_black_flip.png;563.5416666666667;25.0;316.6666666666667;454.1666666666667;95.3125;4.166666666666667
HZVQR_VS_SET_VSc2_Subsetup11_Maxillar_top_black_flip.png;525.1010101010102;8.585858585858587;306.4141414141414;438.8888888888889;91.76767676767676;8.585858585858587
HZVQR_VS_SET_VSc2_Subsetup1_Mandibular_actMatrix_top_black_flip.png;547.3488372093024;5.5813953488372094;309.6744186046512;411.16279069767444;86.88372093023256;4.186046511627907
HZVQR_VS_SET_VSc2_Subsetup28_Mandibular_top_black_flip.png;559.8155339805825;3.3980582524271843;320.9805825242718;430.58252427184465;83.60194174757282;12.135922330097086
J319M_VS_SET_VSc2_Subsetup4_Maxillar_top_black_flip.png;552.7234042553191;18.085106382978722;300.063829787234;462.7659574468085;63.361702127659555;10.638297872340425
J3JRM_VS_SET_VSc2_Subsetup8_Maxillar_top_black_flip.png;589.8479532163743;7.017543859649123;318.5029239766082;520.46783625731;88.09356725146199;4.678362573099415
jaw_29_top_black_flip.png;537.3953488372093;290.8604651162791;330.4186046511628;478.6511627906977;149.02325581395348;276.3255813953488
jaw_47_top_black_flip.png;642.0869565217391;58.69565217391304;364.9130434782609;478.80434782608694;96.97826086956522;66.84782608695652
jaw_5_top_black_flip.png;648.3803680981595;58.282208588957054;393.1656441717791;487.11656441717787;142.85889570552146;54.601226993865026
JBSJP_VS_SET_VSc7_Subsetup19_Mandibular_top_black_flip.png;568.622641509434;3.30188679245283;334.66037735849056;409.90566037735846;68.15094339622641;16.50943396226415
JC6NT_VS_SET_VSc2_Subsetup20_Mandibular_top_black_flip.png;553.9166666666667;2.0833333333333335;317.45833333333337;464.0625;59.125;9.375
JCAYV_VS_SET_VSc1_Subsetup_Retainer_Maxillar_top_black_flip.png;519.3589743589744;13.333333333333334;317.8205128205128;451.28205128205127;60.38461538461539;17.94871794871795
JCJM8_VS_SET_VSc2_Subsetup10_Maxillar_top_black_flip.png;546.0;4.0;318.0;436.0;59.0;17.5
JHGNV_VS_SET_VSc1_Subsetup8_Mandibular_top_black_flip.png;473.090909090909;4.545454545454545;270.3636363636363;385.45454545454544;64.9090909090909;20.909090909090907
jicun30_down_1._top_black_flip.png;579.0;77.85714285714286;389.85714285714283;475.0;109.85714285714286;89.28571428571429
jicun30_up_1_top_black_flip.png;469.3731343283582;606.4626865671642;55.94029850746267;340.7910447761194;468.6268656716418;107.2089552238806
JLW3K_VS_SET_VSc2_Subsetup11_Maxillar_top_black_flip.png;582.3181818181819;14.204545454545455;314.1363636363636;491.47727272727275;73.79545454545453;4.545454545454546
JLW3K_VS_SET_VSc2_Subsetup15_Mandibular_top_black_flip.png;563.695652173913;39.21739130434782;326.195652173913;466.9347826086956;77.82608695652172;12.586956521739129
jsk2m_VS_SET_VSc1_Subsetup4_Mandibular_top_black_flip.png;569.9604519774011;4.084745762711864;346.2316384180791;481.4858757062147;43.40677966101694;143.63276836158192
JVYLB_VS_SET_VSc2_Subsetup6_Maxillar_top_black_flip.png;572.5263157894736;18.421052631578945;308.84210526315786;469.4736842105263;73.84210526315789;7.368421052631579
JWVYL_VS_SET_VSc1_Subsetup12_Mandibular_top_black_flip.png;579.7872340425531;3.723404255319149;343.0851063829787;478.1914893617021;93.61702127659572;5.8510638297872335
